318875196
156905025
1126588928
2438883001
2221544502
934615225
368742549
2246452824
102005909
1025389002
279559427
141114113
2304118434
2246452824
185562351
368742549
417720678
801797118
338770783
91094393
553295100
30971525
42453683
628526720
224090200
233394605
240993636
1897745863
1042150656
821873539
91094393
487448993
1621415958
2246452824
341524079
342920077
2334978372
41473569
216276147
123483688
249495613
116622290
116622290
312039297
764468564
227910272
456135717
43692115
1669676196
600961272
327841798
1029605419
2470366478
194374096
241859430
1708559654
53035628
1015220329
1442769612
281926548
747014904
2372325296
443837078
172297896
603898377
255481394
255481394
255481394
255481394
291138508
270423434
26126225
1632560258
417720678
100998257
57704761
847892022
1147809542
278680943
839341940
2246452824
256053646
201449358
2351181523
180333882
209516611
124703766
1355757097
1386429829
17752852
212657921
930890832
1135895066
119319013
69567241
8189952
1886596374
330077904
489447596
296064692
387480620
2246025528
969636865
2246452824
128217144
229302494
81031385
348177152
128217144
558055364
500413253
1896312632
15516583
233432989
236051838
433115616
107941055
147264623
1708559654
589728651
346933137
17838900
2255642863
2238773896
83339474
83339474
83339474
2534031821
436985741
469407139
31871030
26251971
382813437
31579586
616042229
2246025528
73623077
146397213
314413542
380081705
265300621
326889303
2328075373
383770075
2187231301
1201305181
603453047
134450541
134450541
1039416974
1197436272
2245399268
384168019
50624289
1107784663
43621119
565077148
2152299975
2159542449
2162752745
2153186867
1432705243
41995619
216955917
192042038
1708559654
2308319221
151589230
351453223
526375389
1393883864
1393883864
896734099
387480620
103246092
1486188625
1489064827
199601800
122605892
1389457574
75497316
75497316
252094177
1393883864
435615116
576111487
169313818
128217144
277980666
564022304
1632560258
501268507
2520004748
2221544502
630344128
586862793
586862793
244562977
586862793
16042680
267600082
629356284
2258737873
1434466604
600872679
1589773514
2364432500
2364486102
2364474248
337462765
2358531446
2450311669
2366021773
443292110
256629116
50396482
406577491
359608386
413377179
1214788412
168851643
836732586
50824013
2258871206
139153005
2172792216
124896390
485864493
46670837
440425957
488589422
2394817579
2455846878
1568058793
48871468
304858360
304858360
2465118199
707886164
23203267
174133488
500413253
264571018
264571018
446798562
1708559654
46249227
94768043
66372575
976278018
586862793
1451213970
228853463
270423434
25927619
868218518
25927619
159497857
526194359
868218518
1259100032
74145130
84417786
101189613
371446213
63169994
113013585
105123275
132111190
58712600
2297522906
288772625
15942089
1638261133
148843403
2429532169
1393883864
1386429829
417720678
105123275
158651425
236724634
144805485
912565591
144805485
144805485
1368442622
144454803
418566221
1034516185
320373680
109835660
270423434
238340156
144805485
496932325
144805485
144805485
2399743542
216276147
144805485
45713416
443561992
1059673976
144805485
448041019
144805485
94619764
263573820
144805485
170060660
703781009
1641494388
134807370
90843500
35752094
6595422
59652639
111764388
2455836859
491568934
594145781
228208583
99679088
500413253
1930253468
500413253
49040369
109485739
109485739
1708559654
187855852
2248292418
104260863
89208915
89208915
153777841
223837957
89208915
167852629
1613843360
469255006
140100627
377227754
364494130
364973584
199601800
1534267009
2217167983
106757060
280869734
1971549746
366805279
1911580362
344580960
1962519445
1116798115
711950821
228720166
228720166
182044362
257947767
182044362
499313777
51409771
140663682
241323482
446458850
354404263
193422705
1275900553
42154670
249202110
256053646
2507917171
187092811
49698072
384447055
1305364872
626750946
147296415
2395133557
284218261
1083857593
128217144
481392149
25927619
608335174
74068598
824537744
825227594
51593457
1085146063
364192915
112417983
1042150656
1042150656
214050580
258255070
129388328
50872850
387480620
950277588
365596656
145499852
263094799
2476700625
185641400
263094799
119610564
144846894
241535413
417720678
717964915
364192915
454947138
2259265524
704222760
1702971758
1347388483
2416878858
191343435
1318292827
1318292827
519495574
310487847
2416878858
907152121
519424212
850865256
1927613048
2546448330
2184595161
524669545
499204923
181850828
1040254202
1679287009
102552334
806202956
606336031
1019174804
166045052
264346476
357868779
593414461
1137436238
523113642
26251971
1125887882
502760137
2192500111
14753886
297839525
837097452
2512182434
91105727
163071937
439137146
1708559654
2509428258
1117918592
1387813826
928967354
187855852
167918900
338117052
228871110
1075379173
632875424
402509626
1912643126
98177813
518253626
1087942280
194166475
409120641
122868178
223638542
190838647
379496554
402509626
402509626
2242071546
2591170895
41497664
1632560258
393783696
1344158672
735745279
1836499657
375919295
1453210374
439327068
885674616
136775764
144174012
535293404
181931438
69020292
89959621
101677229
312358595
105504239
50486777
387839491
68150500
95904560
226552764
111025121
228325667
111789743
489208495
227460697
1086826057
52985333
999237918
95195090
93398908
178470629
6089202
15878176
14671107
39805837
164612588
544791986
169424994
138358690
333185535
544791986
195275703
399557398
2246452824
313351323
2246452824
748756766
150652566
298846311
56090967
449628380
63582349
102242214
155282474
131086065
37874061
502355527
918531522
197698202
116596899
327817062
1294974565
228392188
563404051
342071778
14242116
117083511
307914104
31129240
39238422
365140152
118286796
69024321
297995962
902076800
467265527
58515570
2246452824
192233441
102082846
398477842
107943216
864485312
153777841
244808731
404466562
103239240
599649356
137299583
268686575
1485076922
177128326
272290221
211061943
193004066
377850145
350084941
359248146
437641968
299532878
364192915
632150171
1591767997
15110400
1135895066
633470304
531108159
303081894
1869334110
456111721
525717628
136940430
2550456956
83016821
1197436272
50884913
230435239
105448552
89506075
219408054
230339126
114605076
113230544
1717182259
126517087
1579646232
131785811
526574325
387480620
155815203
301442834
299107015
270423434
235496963
23390623
485665036
98152679
516162656
35698331
547198603
1708559654
99067087
117260788
2289239923
548062463
181241646
2368210194
97414134
132104502
163409123
102089809
407424754
2486222796
1032281882
485949845
1101379118
146534139
4200671
1434915547
143130030
1434915547
1021545986
604240526
114156838
1358714930
31564602
1258852272
581549791
556163
556163
628526720
77981131
77981131
608880497
864485312
40012474
121417756
392788701
326217746
864485312
1026031237
84417357
155195691
137888756
2429212765
151403639
291749090
113481640
449038100
104260863
1273639770
1252781804
578423303
311739005
159467346
308160525
308160525
41497664
826766574
58879480
83016821
1138098936
135952475
180729447
364509156
602307112
1344158672
308160525
61768921
991299709
192477863
1358925752
264496477
465355966
270423434
307148796
1708559654
216969785
25927619
20211955
70302594
584508257
2259934531
47556846
1343216226
1880007668
582455857
178014508
171560392
90130493
77981131
296734842
387480620
25927619
128217144
148843403
269563299
224078444
741869580
93398908
1656405692
1189987428
1238451174
1238451174
1430518243
500413253
60420690
1972455324
400413541
77981131
2480083746
2480083746
177807962
562178450
161063833
53863044
432609536
2492617656
77981131
77981131
2507917171
395332015
316531476
357580108
279602403
21258164
1486622384
2338275867
376399245
1460144180
1670234036
1423158692
146627878
465355966
128217144
221482009
783919399
542539107
23201647
260965412
509059855
276101767
1359446491
822583608
783840289
1895818321
443124560
2538941535
827457176
243393206
1708559654
270804852
99523449
591641684
2192500111
322494107
34439555
298977942
1364607018
88872137
73496372
392981078
280465606
2492796692
610520660
344580960
2469537593
63582349
1601523696
403347884
140663682
140663682
920544704
140663682
2208106734
1632560258
105404577
1640570893
145476937
2246452824
2246452824
364509156
2463326480
1113661188
268074530
183879876
105123275
1042150656
837097452
527562574
71628293
185168187
131827131
354139925
270423434
70639535
270423434
234155717
1589773514
1589773514
70639535
147957799
1909540753
997485968
997561567
1597521211
288248810
1589773514
255011968
321708419
64430956
265985412
409324387
181559812
68915471
603377382
270423434
204297768
2196833108
237818333
185168187
134295844
632100838
632100838
1328476406
257517997
267139205
632100838
356092712
868127101
868127101
692853
231661743
1045086769
330305543
433482057
276603289
813509682
343010006
185936078
1959682526
547137729
1708559654
2324354192
168976907
47829918
153777841
93318554
128217144
928052875
36083133
610338422
25809254
168896925
144883265
282749903
98738595
43692115
36780941
1170426889
109691922
2251711226
2251711226
370357368
40012474
175713789
144883265
586862793
152123482
2151217926
174213889
1970662740
1970662740
300795161
435567565
435567565
435567565
435567565
435567565
435567565
435567565
435567565
435567565
1679287009
284128911
2343275695
618837194
1679287009
300795161
435567565
272873838
144883265
435567565
184438188
184438188
126564506
252940612
53536975
183973133
866336503
2391210752
1080015912
1632560258
473476641
1970662740
2223486856
99493250
1350706740
469394775
90597559
279847023
1327441550
2211566497
14275478
135463373
98884115
237844880
375375440
142985169
2469050987
62674150
4336951
60295457
313658193
717714678
180502865
119086689
1087971475
123345452
25604911
114198864
2391210752
183973133
1472810748
463357853
206524008
284809914
382409850
47583332
1589773514
1708559654
764468564
1070110914
300795161
2184718245
258397656
34837103
444930299
1059353707
561435457
387480620
247943215
184438188
56946623
983953358
282695161
67561568
601596652
636763261
219967792
1313346271
482661174
482661174
221924217
435567565
1915103929
1915103929
166736604
2344568954
1953792330
414007479
152865909
40012474
1077453277
1589773514
149537243
229776598
261541210
383942682
383942682
398404737
25927619
49725600
1632560258
209554852
562824950
531181557
414007479
388450686
482661174
25927619
25927619
47091653
179986770
520877490
151403639
123115445
2246025528
114190203
238014893
28314526
211739267
1431767696
563179920
1708559654
300795161
128217144
175713789
2175704888
250910399
121810771
175713789
351782264
425109043
2201428081
46197796
35483729
46249227
435567565
880370179
111649650
73938897
388446651
1482268351
1687060500
1406552725
298869238
169517223
1565675515
25927619
75040170
25927619
313475342
79951379
374249517
739842068
257517997
42816054
283885709
1679287009
198804923
184293744
495739164
130086290
427117575
20267347
402785923
97113204
1124496606
1139764586
387480620
590830091
134001696
40899209
229794043
287231457
1207579376
628526720
16426478
423038905
1290473636
25927619
181736141
168401850
570935901
466513334
1401008148
145717877
265147560
1708559654
31579586
192477863
1642152608
125231417
624503417
35711792
2295041082
139545790
349665659
194018966
48871468
1113112358
176068393
915721548
307093525
142193003
498945138
202371159
45900326
71191396
282017709
21822716
1869462078
282017709
361262231
498845339
282017709
1959682526
184438188
90597559
965158322
966498266
259314159
139828050
104563867
1679287009
1679287009
255481394
417720678
609213537
1589773514
194219762
203988263
276419860
187398266
462878994
423038905
25927619
287066197
134584407
71556376
22324447
307093525
288955711
290032576
2239440674
2239440674
798783390
550592981
778774854
200270323
725924263
341377199
397907084
35001075
397394265
2246025528
129173621
2274832728
184438188
58688095
1343216226
116622290
1084877112
717964915
556311304
20152005
1357395337
1084877112
170455507
36712279
473240233
151403639
402798809
423584438
1679287009
393231449
331603332
52022600
1679287009
46670837
324160872
1217074501
1065978876
2286030607
407868031
143122851
20727762
435615116
2159583480
26714962
2394817579
438717092
128217144
72080411
429935021
360078271
360078271
204629994
827452826
26251971
2345826109
45559656
45837970
715572907
1708559654
125841427
125841427
148600467
247586306
296699002
18487129
18487129
1616303604
57077364
2232241450
376399245
203803557
317640608
128217144
1389716142
128217144
483305600
313813653
14780225
920544704
387480620
240322806
329222653
329222653
404466562
409025896
221721104
221721104
1316969054
1178129215
270423434
173766784
467759192
1382067360
104260863
968168850
47000864
104260863
2312309205
364192915
39382788
726135157
20267347
402785923
2199905294
611940580
302181667
500413253
28238736
458690220
159265900
939977448
62399265
500413253
1049953698
1708559654
191343435
491845939
601867616
1542767564
1296413490
225969957
225969957
225969957
1211300119
22266182
516443501
147957799
1685930694
543461624
338050902
338050902
51366976
470317433
1280473531
85718119
601867616
168456004
168456004
2246452824
168456004
168456004
543683113
361194389
822942086
22932198
127702254
629714184
94030597
111380209
748594104
128217144
95770567
89915356
1265173544
141659866
224078444
224078444
120314064
120314064
120314064
2246025528
278362681
1679287009
1679287009
129646839
466513334
386998744
452714945
273668254
392982344
629564234
1197911305
613747307
613747307
1470374558
2328075373
170642385
1016207292
355948476
501061562
1909540753
2455846878
994595508
1197911305
1197436272
448379342
2442936453
387480620
1327658676
31068092
10325892
42040110
79951379
1873796714
1375719115
1375719115
110279592
289851606
288735291
2508280111
107910316
347439323
93230500
1708559654
93230500
181103108
181103108
1169371850
2253454478
736726891
256053646
319075451
319075451
469255006
1318292827
185618112
1223196175
2475343352
130044382
314065212
93529740
503452471
77133532
90586806
51199467
1719525565
5874682
2409099252
292196319
2279185051
1314297685
192165399
80157698
504012681
366572148
1697293039
451500275
310243400
722215819
570755649
34430620
2405008675
781263320
495739164
112357832
571923477
1386235508
601448080
36579099
2221544502
232922594
503410920
781263320
455598812
122263846
467100070
378018817
1683623335
104260863
404080664
979113734
612875144
2446397568
1455735180
1190810527
429258991
104260863
6878632
1681365896
558750840
128217144
115036176
321375448
220271497
228208583
135134037
381643970
2419388106
2487190413
1084611294
2231411214
128615451
428428821
2417761338
527724783
1134610603
285479299
500413253
479926953
973539018
307558634
739039213
307811957
1656186277
2300573809
1086904430
2238044848
819298422
2201888122
386200534
504012681
757452236
1314113688
18065202
1092658418
273461470
2236103347
1708559654
320616553
490748176
2495382212
1450390346
2265530868
570755649
41497664
2236103347
906765918
281926548
1270342082
147264623
320616553
257660589
2246906887
320616553
2246452824
2243649320
2171543844
80363
162077248
2236103347
1682859247
864623450
235496963
925554301
60811949
504012681
1118191110
387480620
367675218
256053646
2236103347
485292328
313798861
20822796
806613818
1958159544
560328014
557929938
496551354
74689927
1337114354
478768287
57735827
500413253
1070379109
242901897
2298867462
1722176094
14939259
358918166
1957029283
586862793
487168474
195144405
313194424
880883737
131568276
586862793
2364678804
1354012212
1385727390
246976393
51075558
1187728158
1015220329
74689745
163360742
1197436272
2431924325
586862793
128217144
162074631
236814925
2426614688
353556998
245125060
233768520
35599852
269563299
237166628
128217144
548003863
99339886
95770567
358514981
108135983
735380600
210993401
35711792
1589773514
151403639
42363794
551131164
104403350
417720678
1708559654
700653624
397139417
1217074501
2386658798
1065978876
370074900
18930445
2192500111
131989571
370074900
67179561
1058004541
1436784654
930723157
1058004541
2394817579
2394817579
1950186816
362312904
540721095
236814925
1584429050
597131711
730289276
632301941
364192915
377227754
53015127
1397112146
717964915
95912780
1358714930
172262369
629980030
1397112146
2414149507
128217144
1162242630
239725803
51962082
288113387
51962082
58206563
592344186
285131871
128217144
269563299
1719525565
313009981
34621054
2221544502
148395149
224078444
144020974
128217144
128217144
183824697
432434452
224078444
1591008498
578344591
2242071546
269563299
174002281
372345275
934351302
139688721
262434091
98610438
94429778
140387979
471816609
177324147
584325869
2252147982
1378243399
1170653370
1170653370
46670837
1378243399
580391457
375501822
1863435116
20727762
336686939
2553019087
417720678
1715617645
2295172961
2426115180
104260863
375501822
199851435
320373680
705457740
629624109
629624109
128217144
44135852
128217144
128217144
55176110
436942883
361024910
14131970
51962082
104260863
53733411
376807666
542586813
1340752010
266209793
1235764194
2241784598
2518818847
72481692
143122851
979113734
1498746487
748806055
2537849167
1677012895
200147919
387480620
754121641
1933157130
1708559654
418031346
414125420
137244200
300558109
204195016
2221631875
128217144
95770567
534535362
1632560258
132668697
325990139
128029125
1323901614
268977657
250695168
108785915
144020974
375501822
417720678
176393434
1385723646
920544704
98610438
593306552
1049521190
2360984852
22332932
2416352107
278831985
504098267
602620423
462021392
128217144
155282474
128217144
269563299
112936417
224078444
97468766
95770567
270423434
102143496
2313458556
292132823
177128326
98610438
1589773514
321708419
98610438
383942682
1072206206
15629618
1902331825
452420632
2238599521
344213259
180166687
1011174499
619735874
1866449282
481156615
163995099
495109044
2238599521
22090438
135331543
394514883
305951068
242044992
500413253
144020974
174190530
262196127
18930445
2159582732
1958159544
1958159544
2171723992
252752938
104260863
128217144
869578782
75762553
155282474
128217144
198734412
224078444
272020464
248004435
114716461
2238599521
98610438
2485327824
628526720
244823527
392420400
1708559654
112628113
97468766
65101544
2325019224
74135343
48315164
2325019224
265147560
896186449
13060492
427360983
1362081324
427360983
55068582
282951914
564286480
1589773514
1958159544
190330883
282017709
213198903
146473427
704718344
427360983
1550288052
271324114
26251971
281687991
61474773
624996546
2380418640
716454080
1549300856
22759810
387480620
48363575
63355957
942186582
1343216226
144374502
1895828450
1895828450
299003316
959242116
236640691
1378243399
295223646
352090345
1495395919
143122851
387480620
335421419
335421419
1066125606
335421419
98304477
1607139588
85950466
2471774696
22090438
128217144
28816321
128217144
507052382
171081693
236814925
236814925
368742549
401359082
139545790
279194283
15193667
15193667
1470658620
144805485
271146912
142519765
845261622
50589777
50589777
153777841
142519765
496353767
102215962
71978573
17561562
1708559654
357390602
438389063
225886023
1364607018
273751728
2178794346
379161210
418385227
1966668511
858455767
716533301
557729452
766883780
2437048062
142519765
501465093
34430620
23203267
35001075
703743470
142985169
184438188
2497835420
272309036
184438188
144805485
401394336
2394273007
273434476
248233697
228588251
1041577904
276446722
461935318
220548561
2395881722
417720678
920544704
1315760311
147844687
135331543
17561562
2395881722
96957970
26251971
477742688
477742688
90549101
326042022
1407769772
2270113938
187881221
417505686
331603332
283547072
538334222
538334222
538334222
321708419
105123275
2420694578
461709336
22320892
278799973
1286928714
142519765
74385073
753487405
77981131
39418051
2283800797
255481394
63265270
147123891
151403639
2284020312
111501166
826766574
1589773514
168456004
1387822123
1673527130
99146958
340874906
36459436
705810121
629624109
629624109
2569576055
148494665
497022246
1223196175
763383152
459287737
613747307
25027571
233833912
88540062
629624109
629624109
153938409
2263062627
316423437
71716710
157385961
69990138
69990138
722704891
894189018
407337499
760721965
612942117
271777536
83472895
83472895
36579099
420929244
2298555867
55436814
55436814
108487831
90812323
1708559654
96579048
539585770
2172265621
1079030862
147123891
230067711
2430170784
961736827
882021031
387261506
90876782
15336933
254535781
229261376
1065084859
146735048
35770305
319244467
243433294
332988596
332988596
604158763
415278096
2223879030
2291697763
2411506352
2411506352
920504036
220866788
117999905
102233852
58412193
206029861
142268944
426713607
1563129618
780128389
429995196
446526531
239567244
138445027
387480620
136530391
499701097
83343767
429208947
111541697
611668931
538334222
268044967
318555765
115027848
144805485
144805485
1066053577
331603332
17561562
1265525425
113814231
350888389
1972282512
1223250582
432172701
1681193077
1579669548
90586806
353421705
235575129
405873923
500413253
36712279
996247922
465355966
34825893
54280474
258966051
18910739
113695122
2500773636
320920711
26251971
629624109
549218802
346115346
830174972
635761854
19220610
36183930
204060695
371876517
309291471
83339474
206623665
500413253
592167771
613747307
1006997990
2346943230
891626328
276209815
551174843
513975225
1081828206
500413253
277782309
35698331
59508929
2346943230
380042015
327782109
406717943
885808128
2292726072
1066938486
1708559654
1338038125
2339957894
196898704
2181069336
2395923595
175347696
289389719
62305128
469255006
25631512
1589773514
36639879
1310515746
776967818
255481394
707886164
15942089
255481394
579395996
1685850217
1882153988
22367931
417720678
628526720
128217144
2223486856
1493995998
26251971
2273162730
763129958
1473149190
128217144
110279592
130044382
1635306504
1005402319
2415935258
58795059
226610561
71825574
171169277
224878769
290533460
290533460
608335174
656263
117360937
220548561
185275804
185275804
1951295198
465358891
1385723646
1385723646
2465937564
1385723646
203363675
225886023
2246452824
58105160
1592072340
518934872
305358912
387480620
765357788
122946633
282505229
1978578384
614206972
1588211292
590830091
2246452824
55792362
91893165
302629305
55123479
55123479
563404051
563404051
1635306504
163995099
1635306504
1635306504
260999370
1277545634
1277545634
27486761
143135638
1708559654
132019014
406175296
736125812
244825925
44646744
763129958
2162733322
1359749466
414702843
154925103
1679287009
2410789489
123047511
1635306504
1277545634
2449841910
38797217
199601800
435615116
208607438
31579586
165728166
2219383278
35711792
896734099
404411719
538830682
2482829112
1034847001
2246025528
142518303
1039416974
825227594
1039416974
342399078
1913410831
32804911
2436001020
427930325
1232526055
2436001020
9427242
144805485
2229022869
2204874359
1206769712
613747307
317113836
200636404
113814231
2348409748
161568901
66161090
63316615
2495445891
2350868276
77846626
208376291
344990003
47571060
1958159544
278405057
162077248
255960052
77203583
2399877986
586862793
1708559654
1064697062
1632560258
389086477
7704552
260577210
586862793
608335174
35989122
700623252
17677371
1064697062
2222888142
2222888142
151589230
391970103
387480620
131359705
586862793
105123275
152182375
1141442208
158221412
94340084
76284158
2246452824
105076325
101272291
1899168199
265189255
793787634
1532075322
1426010922
2265673076
72002140
114182176
114198864
50197083
403855307
473599310
368524878
117976148
586862793
925554301
2214443573
2246452824
176056917
130737610
1197436272
867197330
1958159544
2160043770
2284781802
344580960
43692115
107807069
105404577
19305757
175713789
140030871
1205727794
1708559654
1364607018
29914773
371133280
371133280
393210624
162077248
404973330
1632560258
613747307
575008653
1270386080
1270386080
343797260
794005532
1461643376
920397450
2424768114
182238451
418939210
1064697062
2222888142
59041007
253528259
77898979
439543432
153685580
628526720
628526720
55165106
725221716
2410005722
2251194489
83648157
42380756
138689338
258437320
1358714930
42380756
92174580
35711792
1679287009
2158834050
823339945
1524510134
55165106
575008653
42380756
302126707
411368903
563015339
331229432
1064697062
2246025528
1286965400
69678550
1241043378
296999073
838826473
1089789193
2341449788
2366143089
1542684385
450060387
116995575
128217144
10145862
372220565
2526442008
544012988
387480620
177324147
200633652
2242071546
2242071546
385059732
942186582
83016821
286083786
2323662114
99485399
286083786
626129414
126288132
577783071
300489295
2238244101
1592072340
1708559654
1130945516
304246359
452420632
371440566
22533825
1460971046
2199981964
1624377092
519991429
1282353919
2368571622
1976532620
139775475
276603289
285108687
1568164380
288184994
103833280
47556846
174501772
23203267
397394265
717964915
2466148008
2466148008
139545790
2466148008
72002140
37379721
1260427711
2476932278
906286398
2345826109
963090560
519195180
103833280
128217144
536834989
195559867
536834989
26251971
17561562
37543607
608337041
75015004
1083784692
315112794
18827777
163995099
177324147
266501010
615861935
837097452
837097452
51687153
103794884
147844687
147844687
433560475
342680130
111165159
111165159
296219546
1344158672
102006477
231692016
826766574
837097452
296140661
387480620
270423434
1589773514
189033429
104260863
104260863
104260863
725553660
140663682
220271497
879150865
231692016
97145191
127779745
763383152
152974681
1364607018
18930445
224078444
170910858
1708559654
18930445
331603332
1351159280
101098250
132300676
22090438
163360742
340339911
203564299
256053646
127779745
1579367311
365448379
305432904
283547072
246153081
2411506352
99175888
2411506352
23209058
23209058
322411385
22090438
1034847001
78505814
105404577
116922449
324321709
139775475
542539107
837097452
284560997
150210584
150210584
150210584
53656250
77512143
163995099
899503922
2292660673
233675775
51131478
498622176
1890684896
837097452
100791539
167513120
228320164
417720678
266428211
100791539
404777929
224884869
270423434
270266482
1047013692
132526972
1260734408
59021452
269563299
269563299
331706984
103075482
2296402303
385192721
295587786
190163512
278647523
2471536248
812124192
413157362
351654086
264359201
753530840
2445435353
241323669
303789374
463369421
593367958
360197149
160801446
18827777
104260863
837097452
837097452
876837301
128217144
2238171324
147844687
128217144
174190530
306337584
1833594235
154454998
397630906
132526972
1833594235
332756543
487168474
128210770
732038204
164876513
1344158672
148843403
177499461
70373145
95770567
67326743
101482153
628526720
1589773514
373108798
1687510321
272679547
2283029791
1708559654
498622176
451902446
267211680
267211680
103510831
267211680
267211680
117342715
267211680
267211680
105404577
151338467
267211680
2173472461
825227594
47089091
469255006
265939382
32799239
340339911
725553660
2172532795
1710538196
312038787
1552896122
267347053
597131711
273416946
1697681934
96336614
1958159544
725553660
482917382
741097376
1553434152
363401976
1159215937
336411305
2186191497
48946262
1735130324
241305112
387480620
104260863
1836950802
25696814
2409048194
458691937
500413253
452731431
863773316
26251971
339169366
104260863
104260863
544791986
156490753
863030064
52678654
86943330
125676405
297575409
365140152
104260863
317300834
83016821
8494362
272020464
500413253
104260863
1176630822
272020464
1468970070
1717963160
238014893
99339093
1073316570
998539206
1708559654
56799286
907967760
256053646
1012684416
168891005
720326202
1470374558
588963521
2450538877
448731366
32855327
837097452
1694041610
730289276
88872137
826766574
826766574
496878428
336527069
2447228497
31129240
536488605
143122851
143122851
225933421
225933421
418578318
323896024
1042150656
275216656
97058097
2562698430
15942089
19524359
2609043111
311920392
163995099
2192500111
1364076440
540721095
248879909
2475234355
569770048
1489683936
280869734
1971549746
366805279
578423303
1911580362
1483013347
413156878
629624109
629624109
1004702072
291182071
1429239115
1893764264
2350954219
461102069
1913258814
344580960
1632560258
2270058664
136499092
136499092
898544293
387480620
23203267
1708559654
60835225
2371582159
585611493
394439267
568697708
207965131
90737484
251122373
1091182933
525065688
1268422765
341860194
1424158484
603205532
762012254
73744948
1958159544
767372449
1890684896
514348452
2497835420
104008690
1489683936
1468970070
1674113460
349891473
194881144
435491764
2463242120
266737379
1693039106
266737379
316362372
128217144
247667917
311649351
1060096988
2246452824
238014893
572762279
306255690
1693039106
613666081
272020464
272020464
246717114
2536558820
159467346
1534932692
2159455016
37701556
725553660
2569302978
376477013
153777841
128737180
86770156
104386072
69846303
837097452
100064521
177315422
104260863
105123275
1158045444
2346796113
1115804996
421885981
2205109382
1115249160
2205109382
1327441550
550592981
748806055
2455846878
312049194
354046429
128217144
271763145
235443898
125171112
1958159544
826766574
393135348
159342966
1483013347
1589773514
1386429829
1386429829
345092337
384792756
2401864202
1708559654
372013626
110640169
420929244
110602642
706523377
132176455
45247764
706523377
837097452
87937540
93303255
830174972
2159583480
38428334
35711792
62074630
128217144
372104883
264359201
427402721
1577007493
2416832491
18930445
160056014
2468697180
1687359074
1343134476
2273695651
225739474
1428271674
1224283214
1328518274
730289276
1168539150
331778117
1328518274
387480620
132526972
273018795
11776222
43288643
101196987
1015220329
75922483
25868340
2276158603
556505561
264140502
1421796830
500413253
14545283
264123528
330500815
239136099
486311260
34129213
1708559654
2360984852
136223940
136223940
67893515
746164544
504583854
549762509
843519086
1072721508
469255006
124266536
337052291
570935901
101132384
235822259
564576428
731279442
568613530
184438188
2277649263
25927619
27514343
700653624
2394817579
792209558
2186526578
423397346
637141490
792209558
328688816
307126126
1597162645
1597162645
21822716
776928715
272020464
795529460
795529460
335555642
37528682
161729533
253050711
1589773514
417720678
246484022
25927619
25927619
500413253
707886164
88540062
194280820
107838793
1042150656
120146229
1477069650
1327441550
420752959
1517333292
798444439
436262636
1549364268
599269780
436262636
582105172
1255383660
1688259600
218034026
76625025
77245317
354081848
590830091
435615116
1684260470
226936825
2476103388
23382220
1684260470
2212054392
1032252986
456554604
296809620
2436001020
342836924
58677520
296809620
18213466
183086575
34439555
153998882
1708559654
719843269
387480620
1684260470
296809620
29203294
15516583
1283473632
2423695016
244644876
92821888
2412280393
263048789
128217144
456554604
339686111
744482335
590830091
25927619
122843000
79951379
154147990
107910316
128217144
44052481
147502937
228900007
1033375105
456904894
578833756
631530645
243045176
470973180
341531870
116313966
549695233
846364904
1017559784
1017559784
124266536
69073176
1197436272
240972443
393225405
2372267612
1632560258
69073176
1343216226
18065202
1708559654
336757925
375876874
578441223
1913410831
1671250142
2436001020
143633531
153777841
11409532
2425603693
48871468
830567342
128405932
2270011782
21822716
633435878
238014893
404194211
351284870
351284870
866336503
1358714930
101522645
326042022
764355204
764355204
59654365
116626497
26251971
2415178541
17080789
497292741
2246025528
1664721176
374480211
387480620
151917401
33718456
2181052027
833121608
1679287009
20365300
20365300
402785923
1621313275
362312904
241621321
251122373
822321164
743794604
822321164
822321164
352119630
381461336
2274031788
128217144
1296614192
317701816
145930123
1566036914
129000073
424001331
552317897
285950214
1468457958
2482435238
1671874226
914911440
368094526
1113280615
1053770138
1657969651
1976473237
1192127612
31558105
2358818875
1494774860
231950547
2255816942
452684167
2231757277
840455066
500413253
487483713
93066506
746350676
161032515
2451230215
322551306
400528338
396936900
1945753362
630281600
792209558
266999043
329839605
129205676
1579669548
1708559654
143122851
1837185224
49768592
459724518
528446890
282017709
428967276
89997657
1089202986
1439934782
458173736
2234241770
2490659808
257517997
2181214351
821487367
82056147
115377868
223405579
1630092511
253371101
463182334
1254613452
1254613452
253568159
2386885256
282017709
2331269358
344580960
2246452824
430725353
628526720
139131846
403218808
494387339
40012474
30549857
359209393
189873145
86943330
2445046443
883374085
2268279745
351019845
176442692
1320577962
349428209
1890684896
81708325
40012474
558175315
1107204036
325151197
721544952
17770640
159946896
1021029714
296138034
575561506
192274950
52779299
417720678
742626720
506614024
450244239
178483446
459906323
250281813
123628014
227157424
1708559654
1687882369
26251971
26251971
417720678
417720678
1632560258
71856557
43998737
712330125
2205059379
484507412
82056147
417720678
469598531
388478833
114716461
25927619
48871468
1657663326
1657719745
1657698812
1657665864
1657745720
1657768501
1657723867
1657772917
1657753778
1657769791
1657964624
1580935573
1581108678
22581385
1650513728
1650561120
1657663326
1657719745
1657665864
1657723867
1657768501
1657772917
1657964624
1581108678
1158045444
1040695718
2346796113
798783390
1493493962
1493493962
550592981
827463739
748806055
354046429
1493493962
2455846878
1417530955
873448440
1623287251
149120539
409314759
2308700608
920544704
1704454910
300697040
173469356
54394697
88113752
1354012212
1947964417
1947964417
312039297
120841340
1354012212
1354012212
2246452824
1044528008
26251971
147123891
312039297
410824132
438217895
2208904670
2208904670
2208904670
163995099
346120557
312039297
7713812
49768592
76980539
1341514885
2246025528
1679287009
38918123
76980539
289818218
2294693682
111134247
387480620
104918037
69258379
33844041
1084055660
1354012212
2238812550
36712279
157503275
53415136
2340642236
2361541014
87063345
188543800
34078368
608488814
1197436272
155479473
257517997
1546754138
1546754138
330739041
1913410831
554158070
876633852
1972455324
57926118
1708559654
154824390
46197375
616845302
312039297
2246452824
2246452824
72764179
265175465
1900020596
138356234
1256131849
439151216
37405968
370480170
215518976
1444442294
2321125603
199601800
248578318
362312904
1034230202
1914439482
240027296
1855463330
829227546
434614506
877296740
362312904
538334222
172872053
43188716
153808462
942556212
257517997
136927184
1108067328
163995099
380134744
190034036
1041577904
39859072
381855412
494481958
77619476
432250953
843505172
51645004
2221544502
433211667
976278018
2176220621
2169582746
2439967935
77619476
456920394
362312904
264359201
629624109
629624109
281724818
1206769712
29519958
1656226274
2246452824
190778577
629624109
629624109
238014893
36924032
115037033
429714058
135331543
792209558
388172171
159347932
362491665
123483688
417901446
290907226
1041577904
270423434
2455587265
586862793
586862793
584493130
266989805
83410481
1708559654
1064695610
1130945516
260045212
813373674
222351413
440428270
123483688
134302949
469255006
29648698
1000491066
145507391
387480620
1463763426
138692614
519209472
1037873611
420252304
345999124
345999124
417720678
123483688
504201063
306302821
82853279
1000491066
40012474
2431330177
115037033
91094393
123483688
99187165
159497857
1886596374
25927619
15039436
851164278
2287680589
429860947
465358891
465358891
1909540753
997485968
150381337
46151383
54900559
1719525565
1106816910
466777072
632512891
35711792
35711792
613747307
35711792
341524079
165504022
2385741938
443441373
110207899
110207899
110207899
16957443
632512891
2287680589
1434849721
158435119
215337932
979113734
1498746487
833501941
360769230
710156858
491404848
567279883
240450046
31579586
64172089
1918216291
763383152
241558453
15314621
353277389
582617639
225886023
144296776
270423434
572075502
270423434
270423434
270423434
270423434
403090642
46626587
618711311
922164612
1589773514
62354355
242575596
131993979
2157929744
586862793
136850405
220548561
2256958782
1372262262
1679287009
1679287009
1965761292
14780225
183691858
776727642
25927619
25927619
25927619
2172651980
1622659969
920544704
1113661188
291505080
1386429829
1717182259
429878674
105935389
1008466650
218110271
164312067
305432904
128217144
1604820384
889405728
985718323
204802070
613618342
2271599186
408194759
168976907
423038905
423038905
184438188
997485968
2429827548
997561567
114716461
16042680
19870134
117354639
20733046
387480620
1909540753
632512891
394155873
731358852
16198135
2389083128
241309261
304420998
840076674
20267347
402785923
840076674
184293744
218775903
218775903
114198864
886926740
364513378
2269430098
1223196175
128217144
87436866
29916000
2164639535
29916000
29916000
468295681
29916000
29916000
29916000
89833258
29916000
29916000
356565252
29916000
29916000
44206534
135331543
214425658
135331543
331603332
331603332
104752231
331603332
354362198
288143000
44549456
17536934
129146713
347769853
17536934
423038905
423038905
77737656
24122228
223348780
251886077
63118247
883450052
120295284
120295284
29916000
29916000
487168474
185692913
565778354
1375107500
228320164
900722610
383252360
1107784663
1132237849
801827276
1041577904
2321968417
2162134590
2162134590
2167370173
18386837
209083184
134450541
134450541
270423434
270423434
733539109
270423434
270423434
134450541
134450541
1685187044
105947955
270423434
270423434
300180139
42951646
240450046
185936078
128217144
429878674
2360984852
94111310
474106864
131440761
45074809
629490434
1013624617
2250123373
2318075880
91336079
211932358
387118139
36837636
36837636
1647137322
90606511
25927619
25927619
977985642
141416305
270033673
92330584
129388328
566331623
2162134590
240450046
212743876
389202595
1898477490
2391424022
118782281
395407660
1061687304
1717239403
2309042816
272020464
272020464
2426157386
232645434
636955400
240450046
50706656
50706656
104699046
393783696
1034847001
99473435
270423434
401119378
118177513
335870567
335870567
258227527
218335081
429860947
35641448
85929657
707886164
469255006
387480620
364040203
240450046
443642233
1882153988
2246452824
185936078
432369211
456920394
2433208880
342542015
342542015
216276147
148843403
287402395
131241372
750450067
163995099
168976907
52262777
1895482172
500413253
1431950376
102159039
2218524144
429122656
172313008
1115110482
20267347
402785923
195351395
1938688068
1048739886
2499450192
586862793
586862793
224090200
578414455
29641777
1493233116
450244239
308947380
117763309
1024624508
403347884
406695655
300795161
107838793
586862793
586862793
16570580
450244239
1412566640
264351785
52601830
142205864
1623287251
505452481
287820981
498386231
562751582
755608374
755608374
134245382
405992937
414896244
414896244
833501941
1857151016
320302026
62613448
236724634
1493233116
572562308
500413253
236051838
230859523
557405279
302333793
718617108
1417065469
752237977
190455937
2346796113
1744450230
1744450230
2499450192
413292532
634988741
14786446
1708559654
14786446
497326506
2188086114
62675815
387480620
493998454
1082213281
2371856011
871075112
798444439
2393490350
2393490350
2393490350
1414126926
2466729240
922833782
424378499
1664721176
15907160
561324154
586862793
586862793
198775997
586862793
1493633959
126564506
2258871206
198775997
25927619
25927619
537524594
351019845
48871468
2246452824
114168598
46385602
316597269
229350949
827463739
1493233116
629624109
629624109
194881144
1623287251
26744907
194881144
629624109
629624109
979113734
2296266716
612875144
27514343
2339251818
2339251818
192159793
1965318876
1965318876
168829618
47396403
2446397568
2339251818
2339251818
417720678
2154904419
379051530
340180571
1130528552
435567565
1623287251
586862793
140826016
1034847001
1917030272
2405554393
710704549
40012474
2246452824
2409549259
1277918851
1568058793
1485585139
951375936
2428381658
2394817579
2455846878
417720678
351175682
376410894
737104831
104403350
584748487
45795557
151910290
238014893
1972455324
41552284
629624109
629624109
232697780
2151541104
1597521211
1959682526
397907084
1485585139
2394817579
2455846878
2394817579
417720678
156366733
535431804
1667414719
629624109
629624109
201633959
135804415
1855676299
337277211
276677074
395666169
329317681
1485585139
331829568
157012411
107771235
1485585139
2394817579
2455846878
295837207
5874682
2394817579
2455846878
446922146
500413253
187853886
5874682
193301933
164339587
244113244
101071848
847256346
231452402
352358580
417720678
887463914
59265575
380339416
175207225
277398909
46351038
70628425
327841798
327841798
165286379
1485585139
2394817579
2455846878
2455846878
2394817579
2480083746
17752852
364192915
89208915
1956740953
818410896
2214904334
360769230
1641834991
274727415
402114287
740460475
818278502
366805279
554566652
1696946276
997485968
948898932
436262636
543032848
629624109
629624109
14982980
560129458
67103554
290032576
550592981
827463739
997561567
1909540753
997485968
2429827548
257885651
1384931491
73402961
417720678
417720678
49768592
272020464
272020464
1516875746
16261482
1493233116
1042150656
2394817579
107838793
427402721
1225914001
48871468
1623287251
448858942
2321125603
1597521211
1597521211
2394817579
1703704963
1534267009
1708559654
463182334
20727762
1354012212
423146194
28816321
335622980
53854229
1717624412
1057126988
109013164
35698331
40012474
1373541252
2285583974
2285583974
2285583974
407444427
93017508
571794104
109814032
2347916245
387480620
111165159
129410589
887926057
578423303
2221432382
378899265
1173707936
1064069017
887926057
578423303
1623287251
2322786585
292742450
435567565
435567565
2301134894
1379392555
769035770
733122343
2372246652
356405469
48871468
219152053
1857026611
2440127852
25313559
68912647
2181573646
1679287009
128217144
128217144
15193667
104376334
561918258
920544704
1162242630
201266416
1156476576
282017709
282017709
56349269
139420170
1002158593
286346208
225886023
607220981
75270182
146767357
16626701
635120834
14907527
155282474
97869895
126288132
552640396
448351686
34658233
117893917
210089794
232005947
129160016
276286062
1850806376
2451192415
518178204
1909540753
997561567
1597521211
2357436056
730289276
1679287009
1679287009
48616837
1597521211
1597521211
1597521211
804747426
997485968
2429827548
129646839
128217144
214758343
128217144
128217144
2465023800
250910399
436942883
1297480610
39079024
155525709
69381195
30407608
1899319472
295948202
430168458
1224307105
1224307105
2160043770
2319150406
1708559654
230859523
1223196175
158933892
2160043770
202730218
153129676
264975978
101353895
993654084
1893193976
101353895
1656226274
1499905134
16296575
140010442
1365734912
716454080
2244833065
1579669548
164040513
586862793
1042055077
2438293206
299592683
342464993
586862793
107838793
250214902
124266536
151425105
123566904
123566904
612441024
2453230636
308308033
417720678
335555642
716454080
979113734
1498746487
833501941
309052003
360769230
454947138
158435119
710156858
1140943333
67430641
1431653142
900388974
748806055
2239440674
433492251
531181557
773613241
55826427
299723192
2417659742
62843950
31579586
2355675780
17335826
165308151
59738930
237441989
311118054
141842826
60757865
191537958
452622184
387480620
178980354
144002785
71604847
341041293
31871030
979113734
612875144
1965318876
1965318876
15787775
2446397568
16054602
15787775
2374033452
143659775
436604809
376399245
35773497
16296575
83453371
1120185637
325598045
325598045
433492251
2321125603
1641520273
1273639770
1273639770
1616079354
1597521211
2394817579
1040695718
1158045444
842061337
2346796113
798783390
133251329
352358580
222790841
939142430
339506312
66132864
52607361
35038610
614055593
423038905
259043352
587749475
1597521211
1534267009
485443697
299592683
779056122
485443697
233065139
1324035794
2321125603
433492251
2394817579
438217895
738207768
128398191
1534267009
1493233116
61032736
1126113979
414276371
762161982
300795161
281926548
36712279
281926548
36712279
100627894
233124529
2469050987
417720678
268970543
395611636
997561567
2299676296
1909540753
632512891
27051362
1555759164
337373991
337373991
337373991
2246025528
1197436272
128217144
118707619
632512891
628526720
196518899
547137729
2244833065
715767115
128217144
93005642
67515265
1551955783
904782798
11827792
105935389
443642233
443642233
105123275
124157132
257446444
1328435077
117342765
1632560258
299592683
299592683
299592683
299592683
299592683
299592683
299592683
299592683
299592683
299592683
299592683
299592683
299592683
299592683
299592683
299592683
299592683
299592683
299592683
299592683
299592683
299592683
299592683
299592683
16054602
426463880
763412660
485244654
1559646720
2242183221
1699890006
2201896442
1546467619
735660505
192089176
276408798
426463880
1541506764
1406110009
228320164
128217144
15193667
1200038798
136530391
1253680872
57278240
236814925
369219105
823339945
267139205
2464712235
337373991
933948745
376845669
933948745
420929244
429878674
601415563
246394739
438593280
620017112
154662853
262627853
119237437
559903340
744935239
2394273007
926702107
387480620
2440300275
600062100
497374296
1719525565
595858153
390482534
927676194
105935389
1118391716
636470497
2246452824
133056886
187098611
803429540
355059051
80316063
237981389
183681055
297190279
1589773514
1589773514
1589773514
1589773514
2246452824
51830507
1632560258
1708559654
2289482370
1695524186
153772493
2430981734
110352328
47091653
2430981734
315386302
192530194
105123275
105123275
105123275
148391529
520308210
278799973
278799973
270423434
25927619
171169277
333292211
1540640887
187216089
269181118
306855321
1690967923
1275943789
781096094
464236383
133597060
51876774
429878674
219031979
219031979
192905761
1073401742
219031979
219031979
485385099
485385099
700653624
127507351
232697780
2151541104
417720678
45795557
81159423
584748487
395946948
557857296
1441340144
2279136325
2391820906
2391820906
40012474
111300552
290336208
1910283698
910465933
355817068
1929859471
277389838
298422101
25927619
286495337
135006437
286527235
2246025528
132146800
1953792330
2246025528
1020440052
387480620
30894960
2246452824
1679287009
2271599186
910465933
910465933
336757925
336757925
89208915
280335043
1708559654
2246452824
894599437
69932392
464263917
925608698
215479283
927688514
285506169
2280209013
1961342239
1589773514
105123275
535431804
143031868
20435144
218130526
507082203
149581105
137318295
2246452824
2246452824
866880630
278687337
2246452824
2246452824
25927619
128217144
1054264940
1034718786
506383448
139775475
49040369
182520748
63061794
178003324
284400758
500413253
570229473
349774210
235999981
122946633
142557620
1357106359
171169277
441358244
823339945
442850747
432846797
959836382
41976254
135331543
126449186
280869734
380611753
1971549746
380611753
366805279
578423303
1857151016
2385741938
2446833376
964523659
166906420
99718547
370969531
176053202
516197561
441225043
497374296
710847211
432846797
2271599186
25927619
47974373
46538087
2396296272
770249269
77556813
1708559654
73595806
416814496
134001696
730289276
423038905
116829389
554949952
114745792
2246025528
158505868
91323194
250549433
53854229
2246452824
88632387
362312904
628526720
2360984852
119154993
2360984852
280335043
2499925343
2499925343
317214155
1900898912
536256855
968607906
2246452824
63133382
364883571
2246452824
2246452824
2246452824
2246452824
2246452824
1719525565
1026969481
25927619
60571975
1679287009
333018506
20658568
364883571
536256855
165473936
611795537
1665041316
2164684073
